14745600 8.995148e-01 7.362510e-01 7.458600e-02
58982400 3.250780e+00 5.438000e-02 1.760610e-01
235929600 1.296438e+01 3.387438e+00 1.038049e+00
943718400 5.186518e+01 1.208234e+01 2.121734e+00
3774873600 2.074607e+02 2.893948e+01 7.299410e+00
15099494400 8.298429e+02 8.326001e+01 1.287409e+01
60397977600 3.319372e+03 1.698413e+02 2.291371e+01
241591910400 1.327749e+04 3.409471e+02 4.599707e+01
966367641600 5.310995e+04 6.951503e+02 8.019700e+01
3865470566400 2.124398e+05 1.389989e+03 1.143212e+02
15461882265600 849759.2 2779.978 2.489699e+02