points	relativeError %		noFMM		FMM
        1    0.000000e+00    2.550000e-04    1.970000e-04
        2    0.000000e+00    3.010000e-04    2.670000e-04
        4    0.000000e+00    6.240000e-04    5.640000e-04
        8    0.000000e+00    1.118000e-03    1.068000e-03
       16    0.000000e+00    2.437000e-03    2.302000e-03
       32    0.000000e+00    6.114000e-03    5.923000e-03
       64    2.870071e-05    1.129700e-02    1.477300e-02
      128    4.016410e-05    2.128400e-02    2.589000e-02
      256    1.177810e-04    4.040100e-02    2.622220e-01
      512    2.501353e-04    8.052200e-02    5.395450e-01
     1024    2.517076e-04    1.637670e-01    6.007880e-01
     2048    3.739268e-04    3.243370e-01    2.057773e+00
     4096    7.867530e-04    6.502060e-01    3.314384e+00
     8192    1.693006e-03    1.301399e+00    3.657613e+00
    16384    1.879227e-03    2.609381e+00    8.294564e+00
    32768    9.631888e-04    5.231508e+00    1.264164e+01
    65536    5.262504e-02    1.044093e+01    1.346768e+01
   131072    3.255494e-02    2.092947e+01    3.427015e+01
   262144    1.029085e-01    4.184016e+01    3.626106e+01
   524288    7.494836e-02    8.399680e+01    4.188142e+01
  1048576    1.128349e-01    1.673254e+02    1.161373e+02
  2097152    6.875107e-01    3.355787e+02    1.369154e+02
  4194304    1.608546e+00    6.706250e+02    1.483077e+02

        1       2.390000e-04
        2       3.760000e-04
        4       5.910000e-04
        8       1.775000e-03
       16       3.059000e-03
       32       5.573000e-03
       64       3.061700e-02
      128       2.369400e-02
      256       2.309120e-01
      512       5.509110e-01
     1024       6.026370e-01
     2048       1.953057e+00
     4096       3.297277e+00
     8192       3.453697e+00
    16384       8.133460e+00
    32768       1.236610e+01
    65536       1.331312e+01
   131072       3.378662e+01
   262144       3.588901e+01
   524288       4.174359e+01
  1048576       1.157281e+02
  2097152       1.363818e+02
  4194304       1.477488e+02
  8388608       5.260000e+02
 16777216       5.633221e+02
 33554432       6.192076e+02