0.005307 4e-06 1228800 9.859580e-01 4.000000e-06
4.712000e-03 6.000000e-06 2457600 2.282010e-01 3.000000e-06
4.712000e-03 3.000000e-05 4915200 2.264050e-01 1.489000e-03
4.718000e-03 4.200000e-05 9830400 2.201470e-01 1.452000e-03
4.723000e-03 5.400000e-05 19660800 2.323470e-01 1.541000e-03
4.697000e-03 2.330000e-04 39321600 2.279570e-01 2.784260e-01
4.717000e-03 3.180000e-04 78643200 2.231040e-01 2.767080e-01
4.808000e-03 5.910000e-04 157286400 2.204650e-01 2.821920e-01
4.867000e-03 1.844000e-03 314572800 2.260910e-01 1.722209e+00
4.831000e-03 3.518000e-03 629145600 2.210450e-01 1.982058e+00
4.792000e-03 6.638000e-03 1258291200 2.945520e-01 2.169119e+00
4.776000e-03 1.847300e-02 2516582400 3.503860e-01 6.043147e+00
4.794000e-03 3.637600e-02 5033164800 3.868960e-01 6.885919e+00
5.081000e-03 7.166200e-02 10066329600 4.071930e-01 7.263381e+00
4.705000e-03 1.980420e-01 20132659200 3.740870e-01 1.624192e+01
4.718000e-03 3.968170e-01 40265318400 3.706990e-01 1.662705e+01
4.729000e-03 8.480400e-01 80530636800 4.130630e-01 2.041414e+01
4.808000e-03 2.803101e+00 161061273600 4.367010e-01 7.015254e+01
5.350000e-03 6.177333e+00 322122547200 4.199730e-01 7.820511e+01
5.298000e-03 1.325194e+01 644245094400 4.217600e-01 9.757768e+01
5.414000e-03 4.112562e+01 1288490188800 4.152570e-01 4.343128e+02