 leaf capacity:              2
-------------------------------------------------------
     layer     mlpl count    kernel time     total time
-------------------------------------------------------
        11          33704       0.300883       0.411319
        10         304198       1.123585       2.106298
         9         248952       0.928907       1.741333
         8          49520       0.193118       0.353463
         7           8416       0.036776       0.064624
         6           1744       0.010100       0.016297
         5            312       0.005953       0.007811
         4            120       0.006300       0.007656
         3             40       0.005854       0.006980
         2             24       0.005635       0.006827
         1              8       0.005498       0.006590
-------------------------------------------------------
     layer     mlpl count    kernel time     total time
-------------------------------------------------------
        11          33704       0.068585       0.551787
        10         304198       0.575363       5.170937
         9         248952       0.702307       4.530507
         8          49520       0.169284       0.875980
         7           8416       0.052089       0.186192
         6           1744       0.032841       0.065316
         5            312       0.033591       0.042244
         4            120       0.029701       0.035836
         3             40       0.029102       0.033300
         2             24       0.027202       0.030743
         1              8       0.032745       0.036331
layers:         7.456327
matrices:      14.257435