 leaf capacity:              2
------------------------layers-------------------------
     layer     mlpl count    kernel time     total time
-------------------------------------------------------
        11          33704       4.796128       4.908157
        10         304198      38.917572      39.921087
         9         248952      29.478697      30.292209
         8          49520       5.785423       5.946549
         7           8416       0.984327       1.012494
         6           1744       0.204752       0.211365
         5            312       0.037419       0.039696
         4            120       0.014099       0.015713
         3             40       0.004734       0.005991
         2             24       0.002792       0.003920
         1              8       0.000926       0.001943
-----------------------matrices------------------------
     layer     mlpl count    kernel time     total time
-------------------------------------------------------
        11          33704       7.102138       7.360786
        10         304198      64.232054      66.830606
         9         248952      52.087809      54.115367
         8          49520       9.424102       9.799102
         7           8416       1.356664       1.417708
         6           1744       0.267024       0.279983
         5            312       0.043649       0.047171
         4            120       0.016852       0.019263
         3             40       0.005738       0.007602
         2             24       0.003439       0.005239
         1              8       0.001217       0.002695
device            CPU
layers:        85.123170
matrices:     142.687520
 leaf capacity:              2
------------------------layers-------------------------
     layer     mlpl count    kernel time     total time
-------------------------------------------------------
        11          33704       0.624402       0.743607
        10         304198       1.118576       2.123835
         9         248952       0.927975       1.738839
         8          49520       0.196705       0.359427
         7           8416       0.036969       0.065219
         6           1744       0.010487       0.016919
         5            312       0.005968       0.008675
         4            120       0.005861       0.007849
         3             40       0.005733       0.007351
         2             24       0.005828       0.007392
         1              8       0.005465       0.006974
-----------------------matrices------------------------
     layer     mlpl count    kernel time     total time
-------------------------------------------------------
        11          33704       0.096955       0.601661
        10         304198       0.942342       4.771400
         9         248952       0.755148       3.778999
         8          49520       0.209916       0.974755
         7           8416       0.059858       0.147994
         6           1744       0.027053       0.049890
         5            312       0.028332       0.037888
         4            120       0.028549       0.035672
         3             40       0.029152       0.035120
         2             24       0.029925       0.036914
         1              8       0.030363       0.035976
device            GPU
layers:         7.919782
matrices:      13.422927