 leaf capacity:              2
-------------------------------------------------------
     layer     mlpl count    kernel time     total time
-------------------------------------------------------
        11          33704       4.722954       4.830855
        10         304198      38.266240      39.239628
         9         248952      28.767574      29.579026
         8          49520       5.631530       5.785845
         7           8416       0.958510       0.986185
         6           1744       0.198612       0.204881
         5            312       0.035626       0.037398
         4            120       0.013727       0.014856
         3             40       0.004613       0.005412
         2             24       0.002842       0.003617
         1              8       0.000922       0.001645
-------------------------------------------------------
     layer     mlpl count    kernel time     total time
-------------------------------------------------------
        11          33704       5.712268       6.082464
        10         304198      56.395481      59.903183
         9         248952      45.546835      48.440629
         8          49520       8.805684       9.342430
         7           8416       1.391979       1.480451
         6           1744       0.269700       0.288735
         5            312       0.045169       0.050053
         4            120       0.017555       0.020379
         3             40       0.005929       0.007890
         2             24       0.003580       0.005286
         1              8       0.001257       0.003076
layers:        83.436396
matrices:     128.333676