 leaf capacity:              2
-------------------------------------------------------
     layer     mlpl count    kernel time     total time
-------------------------------------------------------
        11          33704       4.845934       4.959791
        10         304198      39.754038      40.755940
         9         248952      30.156475      30.968656
         8          49520       5.919842       6.086803
         7           8416       1.014639       1.042005
         6           1744       0.214394       0.220636
         5            312       0.038250       0.040182
         4            120       0.014392       0.015561
         3             40       0.004884       0.005749
         2             24       0.002979       0.003920
         1              8       0.000987       0.001743
-------------------------------------------------------
     layer     mlpl count    kernel time     total time
-------------------------------------------------------
        11          33704       5.354522       5.612050
        10         304198      49.978414      52.372549
         9         248952      39.756923      41.767429
         8          49520       6.923228       7.299682
         7           8416       1.165616       1.225797
         6           1744       0.239036       0.251572
         5            312       0.042796       0.046347
         4            120       0.016593       0.018794
         3             40       0.005657       0.007393
         2             24       0.003417       0.004716
         1              8       0.001188       0.002341
layers:        86.891010
matrices:     111.382689