1.580598 1.974937 0.357538 1.381465 0.710660 1.099661 1.556624 2.436662 124956
10.201624 12.894792 2.404454 8.700043 3.202161 5.915179 1.514139 7.332806 858066
13.511191 17.426724 3.362134 11.864328 4.588818 8.357039 1.923332 10.083760 1211264
3.336156 4.331177 0.842516 3.009837 1.325909 2.365025 0.655762 2.790809 316272
0.540770 0.712544 0.110888 0.463915 0.203446 0.368169 0.146835 0.495511 50976
0.089447 0.124291 0.020163 0.076081 0.038743 0.065430 0.058427 0.133839 8520
0.027938 0.035537 0.006189 0.015880 0.010293 0.017637 0.047074 0.064503 1776
0.004990 0.007339 0.003865 0.007690 0.006831 0.010719 0.047240 0.049990 328
0.003078 0.004335 0.001584 0.003247 0.005893 0.008853 0.047243 0.049141 120
0.001155 0.002082 0.000770 0.002007 0.005940 0.008009 0.039122 0.040629 40
0.000772 0.001656 0.000567 0.002046 0.005809 0.007094 0.038160 0.039556 24
0.000381 0.001180 0.000404 0.001668 0.005512 0.006449 0.038208 0.039446 8