 leaf capacity:              2
-----------------------------------------------
               layer     mlpl count      time
-----------------------------------------------
                  11          33704  0.297323
                  10         304198  1.163105
                   9         248952  0.914133
                   8          49520  0.192791
                   7           8416  0.037319
                   6           1744  0.009696
                   5            312  0.005749
                   4            120  0.005682
                   3             40  0.006097
                   2             24  0.005405
                   1              8  0.005232
    total time:       7.053063
==============================
 leaf capacity:              4
-----------------------------------------------
               layer     mlpl count      time
-----------------------------------------------
                  11            800  0.024006
                  10          86376  0.565266
                   9         235696  0.859600
                   8          49208  0.195081
                   7           8360  0.036989
                   6           1728  0.009839
                   5            312  0.005872
                   4            120  0.005797
                   3             40  0.006106
                   2             24  0.005556
                   1              8  0.005825
    total time:       4.649033
==============================
 leaf capacity:              8
-----------------------------------------------
               layer     mlpl count      time
-----------------------------------------------
                  10          11840  0.169773
                   9         202488  0.915028
                   8          48520  0.190082
                   7           8288  0.036513
                   6           1728  0.010317
                   5            312  0.005776
                   4            120  0.006255
                   3             40  0.005656
                   2             24  0.005812
                   1              8  0.005336
    total time:       3.692696
==============================
 leaf capacity:             16
-----------------------------------------------
               layer     mlpl count      time
-----------------------------------------------
                   9         120704  0.671415
                   8          44928  0.176096
                   7           8120  0.037777
                   6           1728  0.009644
                   5            312  0.006293
                   4            120  0.005779
                   3             40  0.006144
                   2             24  0.005474
                   1              8  0.005294
    total time:       2.827539
==============================
 leaf capacity:             32
-----------------------------------------------
               layer     mlpl count      time
-----------------------------------------------
                   9           1248  0.010049
                   8          38592  0.150922
                   7           7824  0.032986
                   6           1728  0.009708
                   5            312  0.005808
                   4            120  0.005718
                   3             40  0.006156
                   2             24  0.005451
                   1              8  0.005861
    total time:       1.591105
==============================
 leaf capacity:             64
-----------------------------------------------
               layer     mlpl count      time
-----------------------------------------------
                   8          35648  0.138793
                   7           6624  0.029070
                   6           1696  0.009770
                   5            296  0.005871
                   4            120  0.005792
                   3             40  0.006109
                   2             24  0.005452
                   1              8  0.005889
    total time:       1.538730
==============================
 leaf capacity:            128
-----------------------------------------------
               layer     mlpl count      time
-----------------------------------------------
                   8          10176  0.041915
                   7           5248  0.023939
                   6           1664  0.009662
                   5            296  0.005798
                   4            120  0.005743
                   3             40  0.005651
                   2             24  0.005444
                   1              8  0.005833
    total time:       1.314911
==============================
 leaf capacity:            256
-----------------------------------------------
               layer     mlpl count      time
-----------------------------------------------
                   7           4960  0.023698
                   6           1664  0.009674
                   5            296  0.005851
                   4            120  0.005749
                   3             40  0.006148
                   2             24  0.005457
                   1              8  0.005903
    total time:       1.220835
==============================
 leaf capacity:            512
-----------------------------------------------
               layer     mlpl count      time
-----------------------------------------------
                   7           4352  0.068792
                   6           1600  0.021836
                   5            296  0.013657
                   4            120  0.013785
                   3             40  0.013588
                   2             24  0.013335
                   1              8  0.011493
    total time:       1.311370
==============================