 leaf capacity:              2
-----------------------------------------------
               layer     mlpl count      time
-----------------------------------------------
                  11          33704  2.909627
                  10         304198 23.842163
                   9         248952 19.157333
                   8          49520  3.807433
                   7           8416  0.648361
                   6           1744  0.134168
                   5            312  0.024160
                   4            120  0.009328
                   3             40  0.003114
                   2             24  0.001861
                   1              8  0.000632
    total time:      55.008972
==============================
 leaf capacity:              4
-----------------------------------------------
               layer     mlpl count      time
-----------------------------------------------
                  11            800  0.067573
                  10          86376  6.766363
                   9         235696 18.146636
                   8          49208  3.780559
                   7           8360  0.641410
                   6           1728  0.132779
                   5            312  0.024014
                   4            120  0.009311
                   3             40  0.003131
                   2             24  0.001862
                   1              8  0.000629
    total time:      32.513996
==============================
 leaf capacity:              8
-----------------------------------------------
               layer     mlpl count      time
-----------------------------------------------
                  10          11840  0.929033
                   9         202488 15.566112
                   8          48520  3.726770
                   7           8288  0.635997
                   6           1728  0.133029
                   5            312  0.024232
                   4            120  0.009303
                   3             40  0.003098
                   2             24  0.001853
                   1              8  0.000619
    total time:      23.401525
==============================
 leaf capacity:             16
-----------------------------------------------
               layer     mlpl count      time
-----------------------------------------------
                   9         120704  9.285903
                   8          44928  3.453452
                   7           8120  0.625273
                   6           1728  0.133311
                   5            312  0.024034
                   4            120  0.009294
                   3             40  0.003100
                   2             24  0.001861
                   1              8  0.000627
    total time:      15.458491
==============================
 leaf capacity:             32
-----------------------------------------------
               layer     mlpl count      time
-----------------------------------------------
                   9           1248  0.096176
                   8          38592  2.965897
                   7           7824  0.601136
                   6           1728  0.132827
                   5            312  0.024056
                   4            120  0.009361
                   3             40  0.003097
                   2             24  0.001864
                   1              8  0.000613
    total time:       5.204462
==============================
 leaf capacity:             64
-----------------------------------------------
               layer     mlpl count      time
-----------------------------------------------
                   8          35648  2.739077
                   7           6624  0.508919
                   6           1696  0.130309
                   5            296  0.022807
                   4            120  0.009272
                   3             40  0.003093
                   2             24  0.001858
                   1              8  0.000623
    total time:       4.760033
==============================
 leaf capacity:            128
-----------------------------------------------
               layer     mlpl count      time
-----------------------------------------------
                   8          10176  0.783016
                   7           5248  0.402620
                   6           1664  0.128417
                   5            296  0.022914
                   4            120  0.009380
                   3             40  0.003105
                   2             24  0.001859
                   1              8  0.000615
    total time:       2.579198
==============================
 leaf capacity:            256
-----------------------------------------------
               layer     mlpl count      time
-----------------------------------------------
                   7           4960  0.382110
                   6           1664  0.128053
                   5            296  0.023010
                   4            120  0.009300
                   3             40  0.003109
                   2             24  0.001859
                   1              8  0.000615
    total time:       1.729222
==============================
 leaf capacity:            512
-----------------------------------------------
               layer     mlpl count      time
-----------------------------------------------
                   7           4352  0.334336
                   6           1600  0.123243
                   5            296  0.022867
                   4            120  0.009319
                   3             40  0.003136
                   2             24  0.001864
                   1              8  0.000616
    total time:       1.671782
==============================