4.967000e-03 9.824000e-03 2 1474560000 1.316570e-01 3.048547e+00
4.960000e-03 9.284000e-03 3 1474560000 1.047510e-01 2.764768e+00
4.937000e-03 9.175000e-03 4 1474560000 1.018760e-01 3.133223e+00
4.848000e-03 9.011000e-03 5 1474560000 1.016540e-01 2.879212e+00
4.888000e-03 9.318000e-03 6 1474560000 1.050910e-01 2.864083e+00
4.953000e-03 9.159000e-03 7 1474560000 1.023910e-01 2.489344e+00
4.878000e-03 9.069000e-03 8 1474560000 1.016690e-01 2.413437e+00
4.727000e-03 9.124000e-03 9 1474560000 1.013770e-01 2.338474e+00
5.025000e-03 9.049000e-03 10 1474560000 1.023950e-01 2.625880e+00
4.728000e-03 9.052000e-03 11 1474560000 1.010120e-01 2.480470e+00
4.849000e-03 9.047000e-03 12 1474560000 1.011990e-01 2.164581e+00
4.893000e-03 9.019000e-03 13 1474560000 1.024660e-01 2.056997e+00
4.864000e-03 9.279000e-03 14 1474560000 1.030300e-01 1.961023e+00
4.825000e-03 9.149000e-03 15 1474560000 1.020360e-01 1.870961e+00
4.695000e-03 9.268000e-03 16 1474560000 1.024690e-01 1.850987e+00
4.942000e-03 9.164000e-03 17 1474560000 1.012400e-01 1.482006e+00
4.859000e-03 9.031000e-03 18 1474560000 1.023740e-01 1.545695e+00
4.799000e-03 9.007000e-03 19 1474560000 1.010030e-01 1.678954e+00
4.816000e-03 9.040000e-03 20 1474560000 1.021300e-01 1.620468e+00
4.729000e-03 9.051000e-03 21 1474560000 1.013220e-01 1.495463e+00
4.850000e-03 9.118000e-03 22 1474560000 1.020840e-01 1.534447e+00
4.867000e-03 9.081000e-03 23 1474560000 1.024140e-01 1.285996e+00
4.853000e-03 9.188000e-03 24 1474560000 1.041360e-01 1.283629e+00
4.804000e-03 9.001000e-03 25 1474560000 1.025250e-01 1.097376e+00
4.849000e-03 9.120000e-03 26 1474560000 1.017910e-01 1.132107e+00
4.856000e-03 8.976000e-03 27 1474560000 1.021990e-01 9.755870e-01
4.700000e-03 8.990000e-03 28 1474560000 1.020280e-01 8.983790e-01
4.802000e-03 9.022000e-03 29 1474560000 1.034040e-01 8.105380e-01
4.823000e-03 9.137000e-03 30 1474560000 1.021290e-01 7.623690e-01
4.956000e-03 9.007000e-03 31 1474560000 1.009440e-01 8.032130e-01
4.770000e-03 8.828000e-03 32 1474560000 1.008990e-01 7.753480e-01
4.790000e-03 9.043000e-03 33 1474560000 1.009130e-01 6.633890e-01
4.864000e-03 9.066000e-03 34 1474560000 1.016640e-01 6.676200e-01
4.648000e-03 9.077000e-03 35 1474560000 1.030680e-01 8.067700e-01
4.933000e-03 8.886000e-03 36 1474560000 1.021760e-01 7.205930e-01
4.789000e-03 9.077000e-03 37 1474560000 1.012710e-01 6.987250e-01
4.840000e-03 9.053000e-03 38 1474560000 1.019660e-01 6.141440e-01
4.792000e-03 8.928000e-03 39 1474560000 1.016410e-01 5.834280e-01