8 12.496452 26.143355 27.901104 3.915051 2.223881 1.129584 1.781642
16 11.816011 16.664329 17.893282 2.507992 1.595896 0.725124 0.871440
32 10.720604 4.729295 5.030569 0.751198 0.676513 0.233036 0.426418
64 10.564726 4.197236 4.457111 0.648844 0.711615 0.200303 0.375596
128 9.699071 1.667469 1.766269 0.261644 0.405258 0.095630 0.273371
256 9.215703 0.672900 0.715280 0.105220 0.340020 0.056974 0.230888
512 9.102626 0.614547 0.647280 0.100252 0.251911 0.054695 0.229952
1024 8.322751 0.302537 0.316487 0.048240 0.265773 0.045718 0.221590
2048 7.769234 0.158764 0.164216 0.027622 0.187073 0.033658 0.187810
4096 6.852337 0.067809 0.070521 0.015775 0.221522 0.029269 0.324441
8192 5.768324 0.029919 0.030931 0.004929 0.196320 0.022497 0.274859
16384 5.119369 0.017180 0.017831 0.002996 0.157036 0.018199 0.240461