i point resHbyMultipole
100
0000.0  3.000000000000000  1.000000000000000  2.000000000000000  0.005477261413598  0.001825759173050  0.000861359352890
0001.0  2.969696969696970  0.989898989898990  1.979797979797980  0.005649319263048  0.001883112783662  0.000922202456051
0002.0  2.939393939393940  0.979797979797980  1.959595959595960  0.005828195223774  0.001942739275123  0.000987458704744
0003.0  2.909090909090910  0.969696969696970  1.939393939393940  0.006014184666033  0.002004737134663  0.001057475531141
0004.0  2.878787878787880  0.959595959595960  1.919191919191920  0.006207593352744  0.002069208319134  0.001132629590987
0005.0  2.848484848484850  0.949494949494950  1.898989898989900  0.006408737154613  0.002136258160756  0.001213329271165
0006.0  2.818181818181820  0.939393939393939  1.878787878787880  0.006617941610106  0.002205995221102  0.001300017396033
0007.0  2.787878787878790  0.929292929292929  1.858585858585860  0.006835541299111  0.002278531083719  0.001393174140134
0008.0  2.757575757575760  0.919191919191919  1.838383838383840  0.007061878994649  0.002353980071631  0.001493320157509
0009.0  2.727272727272730  0.909090909090909  1.818181818181820  0.007297304552644  0.002432458879918  0.001601019930705
0010.0  2.696969696969700  0.898989898989899  1.797979797979800  0.007542173493369  0.002514086102067  0.001716885345529
0011.0  2.666666666666670  0.888888888888889  1.777777777777780  0.007796845217897  0.002598981640303  0.001841579486184
0012.0  2.636363636363640  0.878787878787879  1.757575757575760  0.008061680806105  0.002687265967702  0.001975820653266
0013.0  2.606060606060610  0.868686868686869  1.737373737373740  0.008337040316427  0.002779059235175  0.002120386581055
0014.0  2.575757575757580  0.858585858585859  1.717171717171720  0.008623279521958  0.002874480179904  0.002276118841651
0015.0  2.545454545454550  0.848484848484849  1.696969696969700  0.008921190726352  0.002973732404771  0.002443718838780
0016.0  2.515151515151520  0.838383838383838  1.676767676767680  0.009230293348380  0.003076766819437  0.002624564722785
0017.0  2.484848484848480  0.828282828282828  1.656565656565660  0.009551287042559  0.003183764946484  0.002819529401259
0018.0  2.454545454545450  0.818181818181818  1.636363636363640  0.009884465398464  0.003294824651937  0.003029756384439
0019.0  2.424242424242420  0.808080808080808  1.616161616161620  0.010230089851156  0.003410033084822  0.003256476307038
0020.0  2.393939393939390  0.797979797979798  1.595959595959600  0.010588380902932  0.003529463750299  0.003501011234923
0021.0  2.363636363636360  0.787878787878788  1.575757575757580  0.010959507985788  0.003653173131885  0.003764778530956
0022.0  2.333333333333330  0.777777777777778  1.555555555555560  0.011343577827164  0.003781196812482  0.004049294077887
0023.0  2.303030303030300  0.767676767676768  1.535353535353540  0.011740621187635  0.003913545055777  0.004356174607359
0024.0  2.272727272727270  0.757575757575758  1.515151515151520  0.012150577849864  0.004050197800846  0.004687138821654
0025.0  2.242424242424240  0.747474747474747  1.494949494949490  0.012573279755177  0.004191099044274  0.005044006948806
0026.0  2.212121212121210  0.737373737373737  1.474747474747470  0.013008432223458  0.004336150579319  0.005428698297740
0027.0  2.181818181818180  0.727272727272727  1.454545454545450  0.013455593232987  0.004485205091025  0.005843226320802
0028.0  2.151515151515150  0.717171717171717  1.434343434343430  0.013914150807679  0.004638058620632  0.006289690610732
0029.0  2.121212121212120  0.707070707070707  1.414141414141410  0.014383298651275  0.004794442443762  0.006770265210704
0030.0  2.090909090909090  0.696969696969697  1.393939393939390  0.014862010274660  0.004954014450216  0.007287182533514
0031.0  2.060606060606060  0.686868686868687  1.373737373737370  0.015349012021816  0.005116350153482  0.007842712166386
0032.0  2.030303030303030  0.676767676767677  1.353535353535350  0.015842755563642  0.005280933524771  0.008439133797660
0033.0  2.000000000000000  0.666666666666667  1.333333333333330  0.016341390648487  0.005447147911500  0.009078703534477
0034.0  1.969696969696970  0.656565656565657  1.313131313131310  0.016842739134862  0.005614267384694  0.009763612940054
0035.0  1.939393939393940  0.646464646464646  1.292929292929290  0.017344271598281  0.005781448940846  0.010495940248799
0036.0  1.909090909090910  0.636363636363636  1.272727272727270  0.017843208503445  0.005947731845539  0.011277514399320
0037.0  1.878787878787880  0.626262626262626  1.252525252525250  0.018336058648655  0.006112012506692  0.012110150066012
0038.0  1.848484848484850  0.616161616161616  1.232323232323230  0.018819244733280  0.006273071093838  0.012995146378507
0039.0  1.818181818181820  0.606060606060606  1.212121212121210  0.019288711950282  0.006429555851408  0.013933480052336
0040.0  1.787878787878790  0.595959595959596  1.191919191919190  0.019740039783979  0.006579993093298  0.014925655399068
0041.0  1.757575757575760  0.585858585858586  1.171717171717170  0.020168474888033  0.006722798158171  0.015971616775666
0042.0  1.727272727272730  0.575757575757576  1.151515151515150  0.020568980994182  0.006856292042110  0.017070661410122
0043.0  1.696969696969700  0.565656565656566  1.131313131313130  0.020936307398704  0.006978724222247  0.018221356596472
0044.0  1.666666666666670  0.555555555555556  1.111111111111110  0.021265076807164  0.007088301933518  0.019421466018229
0045.0  1.636363636363640  0.545454545454545  1.090909090909090  0.021549818623880  0.007183263823912  0.020667817663976
0046.0  1.606060606060610  0.535353535353535  1.070707070707070  0.021785379458918  0.007261782618569  0.021956551157210
0047.0  1.575757575757580  0.525252525252525  1.050505050505050  0.021966645286197  0.007322202938598  0.023282682540076
0048.0  1.545454545454550  0.515151515151515  1.030303030303030  0.022088960656655  0.007362972984386  0.024640396793946
0049.0  1.515151515151520  0.505050505050505  1.010101010101010  0.022148215651056  0.007382722805133  0.026023031490813
0050.0  1.484848484848480  0.494949494949495  0.989898989898990  0.022140995047831  0.007380314017680  0.027423164276979
0051.0  1.454545454545450  0.484848484848485  0.969696969696970  0.022064715741418  0.007354885610803  0.028832736534566
0052.0  1.424242424242420  0.474747474747475  0.949494949494949  0.021917743992043  0.007305893016081  0.030243210557536
0053.0  1.393939393939390  0.464646464646465  0.929292929292929  0.021699484623508  0.007233137834044  0.031645754983806
0054.0  1.363636363636360  0.454545454545454  0.909090909090909  0.021410435539715  0.007136785992028  0.033031450782482
0055.0  1.333333333333330  0.444444444444444  0.888888888888889  0.021052202950621  0.007017372807939  0.034391508123763
0056.0  1.303030303030300  0.434343434343434  0.868686868686869  0.020627475214314  0.006875794260226  0.035717483261983
0057.0  1.272727272727270  0.424242424242424  0.848484848484848  0.020139956052851  0.006713284716404  0.037001484222018
0058.0  1.242424242424240  0.414141414141414  0.828282828282828  0.019594260709469  0.006531382316978  0.038236354771920
0059.0  1.212121212121210  0.404040404040404  0.808080808080808  0.018995781119842  0.006331884034837  0.039415827751889
0060.0  1.181818181818180  0.393939393939394  0.787878787878788  0.018350533925724  0.006116854691731  0.040534641352340
0061.0  1.151515151515150  0.383838383838384  0.767676767676768  0.017664964499905  0.005888333660146  0.041588609692976
0062.0  1.121212121212120  0.373737373737374  0.747474747474747  0.016945807988048  0.005648616403833  0.042574666747039
0063.0  1.090909090909090  0.363636363636364  0.727272727272727  0.016199892337653  0.005399978769435  0.043490849740604
0064.0  1.060606060606060  0.353535353535353  0.707070707070707  0.015433985024157  0.005144676508229  0.044336259015618
0065.0  1.030303030303030  0.343434343434343  0.686868686868687  0.014654651613712  0.004884898140463  0.045110984985585
0066.0  1.000000000000000  0.333333333333333  0.666666666666667  0.013868136703468  0.004622725269693  0.045816011932091
0067.0  0.969696969696970  0.323232323232323  0.646464646464646  0.013080269486239  0.004360101095424  0.046453105893061
0068.0  0.939393939393939  0.313131313131313  0.626262626262626  0.012296394440766  0.004098807289761  0.047024693646151
0069.0  0.909090909090909  0.303030303030303  0.606060606060606  0.011521326166201  0.003840448918673  0.047533739102345
0070.0  0.878787878787879  0.292929292929293  0.585858585858586  0.010759326253181  0.003586446705330  0.047983622422289
0071.0  0.848484848484849  0.282828282828283  0.565656565656566  0.010014099342387  0.003338035695090  0.048378026030478
0072.0  0.818181818181818  0.272727272727273  0.545454545454545  0.009288805108253  0.003096269232088  0.048720830529704
0073.0  0.787878787878788  0.262626262626263  0.525252525252525  0.008586082800467  0.002862027134369  0.049016022413183
0074.0  0.757575757575757  0.252525252525252  0.505050505050505  0.007908085102318  0.002636026978383  0.049267614533358
0075.0  0.727272727272727  0.242424242424242  0.484848484848485  0.007256518344118  0.002418837513298  0.049479579482175
0076.0  0.696969696969697  0.232323232323232  0.464646464646465  0.006632617298671  0.002210880026308  0.049655684721773
0077.0  0.666666666666667  0.222222222222222  0.444444444444444  0.006037485266072  0.002012500117169  0.049799915078615
0078.0  0.636363636363636  0.212121212121212  0.424242424242424  0.005471667073908  0.001823892305734  0.049915706002854
0079.0  0.606060606060606  0.202020202020202  0.404040404040404  0.004935532671825  0.001645179679359  0.050006438651799
0080.0  0.575757575757576  0.191919191919192  0.383838383838384  0.004429226558970  0.001476410222190  0.050075287376263
0081.0  0.545454545454545  0.181818181818182  0.363636363636364  0.003952706654899  0.001317569770606  0.050125211320238
0082.0  0.515151515151515  0.171717171717172  0.343434343434343  0.003505779835757  0.001168593852474  0.050158951375941
0083.0  0.484848484848485  0.161616161616162  0.323232323232323  0.003088133964234  0.001029378356309  0.050179031379389
0084.0  0.454545454545455  0.151515151515151  0.303030303030303  0.002699366403231  0.000899789028518  0.050187762557265
0085.0  0.424242424242424  0.141414141414141  0.282828282828283  0.002339009125033  0.000779669836013  0.050187250366610
0086.0  0.393939393939394  0.131313131313131  0.262626262626263  0.002006550597890  0.000668850255633  0.050179402993411
0087.0  0.363636363636364  0.121212121212121  0.242424242424242  0.001701454692671  0.000567151570790  0.050165940906841
0088.0  0.333333333333333  0.111111111111111  0.222222222222222  0.001423176875205  0.000474392266408  0.050148406973044
0089.0  0.303030303030303  0.101010101010101  0.202020202020202  0.001171177956316  0.000390392610202  0.050128176721985
0090.0  0.272727272727272  0.090909090909091  0.181818181818182  0.000944935686759  0.000314978515640  0.050106468450786
0091.0  0.242424242424242  0.080808080808081  0.161616161616162  0.000743954442644  0.000247984772081  0.050084352921312
0092.0  0.212121212121212  0.070707070707071  0.141414141414141  0.000567773263731  0.000189257722165  0.050062762461888
0093.0  0.181818181818182  0.060606060606061  0.121212121212121  0.000415972455089  0.000138657464325  0.050042499330700
0094.0  0.151515151515151  0.050505050505050  0.101010101010101  0.000288178959043  0.000096059642925  0.050024243239029
0095.0  0.121212121212121  0.040404040404040  0.080808080808081  0.000184070666065  0.000061356886696  0.050008557964901
0096.0  0.090909090909091  0.030303030303030  0.060606060606061  0.000103379821011  0.000034459942744  0.049995897003527
0097.0  0.060606060606061  0.020202020202020  0.040404040404040  0.000045895640328  0.000015298550200  0.049986608216837
0098.0  0.030303030303030  0.010101010101010  0.020202020202020  0.000011466247235  0.000003822084472  0.049980937470496
0099.0  0.000000000000000  0.000000000000000  0.000000000000000  0.000000000000000  0.000000000000000  0.049979031239690
